Sample_Name;Sample_name;Novogene_ID;Treatment;Time_point;Soil_type;Plant_Number;Harvest;Block;Column;Row
BSF.F01.W4;bsf_f1_w4;FKDN220481256-1A;BSF;Week.4;Field;1;4;6;18;4
BSF.F02.W4;bsf_f2_w4;FKDN220481258-1A;BSF;Week.4;Field;2;4;7;21;17
BSF.F03.W4;bsf_f3_w4;FKDN220481259-1A;BSF;Week.4;Field;3;4;4;11;3
BSF.F04.W4;bsf_f4_w4;FKDN220481260-1A;BSF;Week.4;Field;4;4;3;7;17
BSF.F05.W4;bsf_f5_w4;FKDN220481261-1A;BSF;Week.4;Field;5;4;2;6;16
BSF.F07.W4;bsf_f7_w4;FKDN220481263-1A;BSF;Week.4;Field;7;4;9;27;12
BSF.F08.W4;bsf_f8_w4;FKDN220481264-1A;BSF;Week.4;Field;8;4;10;28;9
BSF.F09.W4;bsf_f9_w4;FKDN220481265-1A;BSF;Week.4;Field;9;4;1;3;3
BSF.F10.W4;bsf_f10_w4;FKDN220481257-1A;BSF;Week.4;Field;10;4;11;33;13
BSF.F54.W4;bsf_f54_w4;FKDN220481262-1A;BSF;Week.4;Field;54;4;12;35;10
Chi.F02.W4;chi_f02_w4;FKDN220481277-1A;CHI;Week.4;Field;2;4;10;30;3
Chi.F03.W4;chi_f03_w4;FKDN220481278-1A;CHI;Week.4;Field;3;4;6;16;3
Chi.F04.W4;chi_f04_w4;FKDN220481279-1A;CHI;Week.4;Field;4;4;2;6;5
Chi.F05.W4;Chi_F05_w4;FKDN220481284-1A;CHI;Week.4;Field;5;4;11;31;1
Chi.F06.W4;chi_f06_w4;FKDN220481280-1A;CHI;Week.4;Field;6;4;7;19;9
Chi.F07.W4;chi_f07_w4;FKDN220481281-1A;CHI;Week.4;Field;7;4;4;12;7
Chi.F09.W4;chi_f09_w4;FKDN220481282-1A;CHI;Week.4;Field;9;4;12;36;4
Chi.F10.W4;chi_f10_w4;FKDN220481283-1A;CHI;Week.4;Field;10;4;9;27;9
Chi.F51.W4;Chi_F51_w4;FKDN220481285-1A;CHI;Week.4;Field;51;4;13;39;13
Chi.F08.W4;chi_f_08_w4;FKDN220481276-1A;CHI;Week.4;Field;8;4;1;1;4
Co.F01.W4;co_f01_w4;FKDN220481295-1A;CO;Week.4;Field;1;4;4;12;2
Co.F02.W4;co_f02_w4;FKDN220481296-1A;CO;Week.4;Field;2;4;8;24;1
Co.F03.W4;co_f03_w4;FKDN220481297-1A;CO;Week.4;Field;3;4;12;35;5
Co.F05.W4;co_f05_w4;FKDN220481298-1A;CO;Week.4;Field;5;4;1;1;10
Co.F06.W4;CO_F06_w4;FKDN220481303-1A;CO;Week.4;Field;6;4;10;28;12
Co.F07.W4;co_f07_w4;FKDN230053490-1A;CO;Week.4;Field;7;4;7;20;9
Co.F08.W4;co_f08_w4;FKDN220481300-1A;CO;Week.4;Field;8;4;2;5;7
Co.F10.W4;co_f10_w4;FKDN220481301-1A;CO;Week.4;Field;10;4;5;13;4
Co.F54.W4;co_f54_w4;FKDN220481302-1A;CO;Week.4;Field;54;4;13;38;7
HC.F01.W4;hc_f01_w4;FKDN220481315-1A;HC;Week.4;Field;1;4;4;10;14
HC.F02.W4;hc_f02_w4;FKDN220481316-1A;HC;Week.4;Field;2;4;5;14;2
HC.F03.W4;HC_F03_w4;FKDN220481321-1A;HC;Week.4;Field;3;4;10;30;4
HC.F04.W4;HC_F04_w4;FKDN220481322-1A;HC;Week.4;Field;4;4;8;22;1
HC.F05.W4;hc_f05_w4;FKDN220481317-1A;HC;Week.4;Field;5;4;2;4;17
HC.F06.W4;hc_f6_w4;FKDN220481314-1A;HC;Week.4;Field;6;4;12;36;7
HC.F07.W4;hc_f07_w4;FKDN220481318-1A;HC;Week.4;Field;7;4;11;31;6
HC.F08.W4;hc_f08_w4;FKDN220481319-1A;HC;Week.4;Field;8;4;1;1;3
HC.F09.W4;HC_F09_w4;FKDN220481323-1A;HC;Week.4;Field;9;4;7;21;2
HC.F52.W4;hc_f52_w4;FKDN220481320-1A;HC;Week.4;Field;52;4;11;33;5
Man.F01.W4;man_f01_w4;FKDN220481335-1A;MAN;Week.4;Field;1;4;4;10;12
Man.F02.W4;man_f02_w4;FKDN220481334-1A;MAN;Week.4;Field;2;4;1;1;15
Man.F03.W4;man_f03_w4;FKDN220481336-1A;MAN;Week.4;Field;3;4;2;4;9
Man.F04.W4;man_f4_w4;FKDN220481342-1A;MAN;Week.4;Field;4;4;12;34;16
Man.F05.W4;Man_F05_w4;FKDN220481340-1A;MAN;Week.4;Field;5;4;7;19;10
Man.F06.W4;man_f06_w4;FKDN220481337-1A;MAN;Week.4;Field;6;4;9;25;13
Man.F07.W4;man_f07_w4;FKDN220481338-1A;MAN;Week.4;Field;7;4;11;33;16
Man.F08.W4;man_f08_w4;FKDN220481339-1A;MAN;Week.4;Field;8;4;6;16;1
Man.F09.W4;Man_F09_w4;FKDN220481341-1A;MAN;Week.4;Field;9;4;8;23;7
Man.F56.W4;man_f56_w4;FKDN220481343-1A;MAN;Week.4;Field;56;4;13;39;4
MW.F02.W4;mw_f2_w4;FKDN220481355-1A;MW;Week.4;Field;2;4;5;15;12
MW.F03.W4;mw_f3_w4;FKDN220481356-1A;MW;Week.4;Field;3;4;9;27;5
MW.F04.W4;mw_f4_w4;FKDN220481357-1A;MW;Week.4;Field;4;4;4;10;13
MW.F05.W4;mw_f5_w4;FKDN220481358-1A;MW;Week.4;Field;5;4;7;21;4
MW.F06.W4;mw_f6_w4;FKDN220481360-1A;MW;Week.4;Field;6;4;3;8;2
MW.F09.W4;mw_f9_w4;FKDN220481362-1A;MW;Week.4;Field;9;4;10;30;15
MW.F10.W4;mw_f10_w4;FKDN220481354-1A;MW;Week.4;Field;10;4;11;31;2
MW.F51.W4;mw_f51_w4;FKDN220481359-1A;MW;Week.4;Field;51;4;12;35;14
MW.F70.W4;mw_f70_w4;FKDN220481361-1A;MW;Week.4;Field;70;4;13;38;10
BSF.F11.W8;bsf_f11_w8;FKDN220481373-1A;BSF;Week.8;Field;11;8;8;23;10
BSF.F12.W8;bsf_f12_w8;FKDN220481374-1A;BSF;Week.8;Field;12;8;13;37;6
BSF.F13.W8;bsf_f13_w8;FKDN220481375-1A;BSF;Week.8;Field;13;8;10;29;5
BSF.F14.W8;bsf_f14_w8;FKDN220481376-1A;BSF;Week.8;Field;14;8;4;11;10
BSF.F15.W8;bsf_f15_w8;FKDN220481377-1A;BSF;Week.8;Field;15;8;7;21;16
BSF.F16.W8;bsf_f16_w8;FKDN220481378-1A;BSF;Week.8;Field;16;8;2;6;14
BSF.F17.W8;bsf_f17_w8;FKDN220481379-1A;BSF;Week.8;Field;17;8;3;9;3
BSF.F18.W8;bsf_f18_w8;FKDN220481380-1A;BSF;Week.8;Field;18;8;1;3;15
BSF.F19.W8;bsf_f19_w8;FKDN220481381-1A;BSF;Week.8;Field;19;8;6;17;13
BSF.F20.W8;bsf_f20_w8;FKDN220481382-1A;BSF;Week.8;Field;20;8;5;13;2
Chi.F13.W8;chi_f13_w8;FKDN220481392-1A;CHI;Week.8;Field;13;8;1;2;11
Chi.F14.W8;chi_f14_w8;FKDN230053496-1A;CHI;Week.8;Field;14;8;11;31;14
Chi.F15.W8;chi_f15_w8;FKDN230053497-1A;CHI;Week.8;Field;15;8;9;27;15
Chi.F16.W8;chi_f16_w8;FKDN220481395-1A;CHI;Week.8;Field;16;8;12;34;17
Chi.F17.W8;chi_f17_w8;FKDN220481396-1A;CHI;Week.8;Field;17;8;3;9;10
Chi.F19.W8;chi_f19_w8;FKDN220481397-1A;CHI;Week.8;Field;19;8;7;19;8
Chi.F20.W8;chi_f20_w8;FKDN220481398-1A;CHI;Week.8;Field;20;8;5;13;12
Chi.F52.W8;chi_f52_w8;FKDN220481399-1A;CHI;Week.8;Field;52;8;13;38;17
Co.F11.W8;co_f11_w8;FKDN220481410-1A;CO;Week.8;Field;11;8;1;3;9
Co.F12.W8;co_f12_w8;FKDN220481411-1A;CO;Week.8;Field;12;8;3;9;16
Co.F13.W8;co_f13_w8;FKDN220481412-1A;CO;Week.8;Field;13;8;4;10;7
Co.F14.W8;co_f14_w8;FKDN220481413-1A;CO;Week.8;Field;14;8;9;26;11
Co.F15.W8;co_f15_w8;FKDN220481414-1A;CO;Week.8;Field;15;8;5;13;3
Co.F17.W8;co_f17_w8;FKDN220481415-1A;CO;Week.8;Field;17;8;6;16;13
Co.F19.W8;co_f19_w8;FKDN220481417-1A;CO;Week.8;Field;19;8;3;8;10
Co.F53.W8;co_f53_w8;FKDN220481418-1A;CO;Week.8;Field;53;8;12;36;6
HC.F11.W8;hc_f11_w8;FKDN220481429-1A;HC;Week.8;Field;11;8;5;14;9
HC.F12.W8;hc_f12_w8;FKDN220481430-1A;HC;Week.8;Field;12;8;12;34;8
HC.F13.W8;hc_f13_w8;FKDN220481431-1A;HC;Week.8;Field;13;8;1;3;13
HC.F14.W8;hc_f14_w8;FKDN220481432-1A;HC;Week.8;Field;14;8;7;19;5
HC.F15.W8;hc_f15_w8;FKDN220481433-1A;HC;Week.8;Field;15;8;10;29;14
HC.F16.W8;hc_f16_w8;FKDN220481434-1A;HC;Week.8;Field;16;8;4;12;3
HC.F17.W8;hc_f17_w8;FKDN220481435-1A;HC;Week.8;Field;17;8;2;4;3
HC.F18.W8;hc_f18_w8;FKDN220481436-1A;HC;Week.8;Field;18;8;3;9;14
HC.F19.W8;hc_f19_w8;FKDN220481437-1A;HC;Week.8;Field;19;8;9;25;2
HC.F20.W8;hc_f20_w8;FKDN220481438-1A;HC;Week.8;Field;20;8;6;18;17
Man.F11.W8;man_f11_w8;FKDN220481449-1A;MAN;Week.8;Field;11;8;1;2;10
Man.F12.W8;man_f12_w8;FKDN220481450-1A;MAN;Week.8;Field;12;8;8;22;3
Man.F13.W8;man_f13_w8;FKDN220481451-1A;MAN;Week.8;Field;13;8;5;14;15
Man.F14.W8;man_f14_w8;FKDN220481452-1A;MAN;Week.8;Field;14;8;10;30;6
Man.F15.W8;man_f15_w8;FKDN220481453-1A;MAN;Week.8;Field;15;8;4;11;9
Man.F16.W8;man_f16_w8;FKDN220481454-1A;MAN;Week.8;Field;16;8;6;17;12
Man.F17.W8;man_f17_w8;FKDN220481455-1A;MAN;Week.8;Field;17;8;11;32;17
Man.F18.W8;man_f18_w8;FKDN220481456-1A;MAN;Week.8;Field;18;8;2;6;3
Man.F19.W8;man_f19_w8;FKDN220481457-1A;MAN;Week.8;Field;19;8;3;9;4
Man.F20.W8;man_f20_w8;FKDN220481458-1A;MAN;Week.8;Field;20;8;12;35;12
MW.F11.W8;mw_f11_w8;FKDN220481469-1A;MW;Week.8;Field;11;8;4;12;12
MW.F12.W8;mw_f12_w8;FKDN220481470-1A;MW;Week.8;Field;12;8;11;33;11
MW.F13.W8;mw_f13_w8;FKDN220481471-1A;MW;Week.8;Field;13;8;7;20;15
MW.F14.W8;mw_f14_w8;FKDN220481472-1A;MW;Week.8;Field;14;8;10;29;1
MW.F15.W8;mw_f15_w8;FKDN220481473-1A;MW;Week.8;Field;15;8;1;2;6
MW.F16.W8;mw_f16_w8;FKDN220481474-1A;MW;Week.8;Field;16;8;3;7;7
MW.F17.W8;mw_f17_w8;FKDN220481475-1A;MW;Week.8;Field;17;8;8;23;15
MW.F18.W8;mw_f18_w8;FKDN220481476-1A;MW;Week.8;Field;18;8;9;26;4
MW.F20.W8;mw_f20_w8;FKDN220481477-1A;MW;Week.8;Field;20;8;5;14;10
MW.F61.W8;mw_f61_w8;FKDN220481478-1A;MW;Week.8;Field;61;8;13;39;17
BSF.F21.W12;bsf_f21_w12;FKDN220481029-1A;BSF;Week.12;Field;21;12;10;29;16
BSF.F22.W12;bsf_f22_w12;FKDN220481030-1A;BSF;Week.12;Field;22;12;6;18;11
BSF.F23.W12;bsf_f23_w12;FKDN220481031-1A;BSF;Week.12;Field;23;12;4;10;4
BSF.F24.W12;bsf_f24_w12;FKDN220481037-1A;BSF;Week.12;Field;24;12;9;26;2
BSF.F25.W12;bsf_f25_w12;FKDN220481032-1A;BSF;Week.12;Field;25;12;8;22;5
BSF.F26.W12;bsf_f26_w12;FKDN220481033-1A;BSF;Week.12;Field;26;12;2;5;10
BSF.F27.W12;bsf_f27_w12;FKDN220481034-1A;BSF;Week.12;Field;27;12;11;31;7
BSF.F30.W12;bsf_f30_w12;FKDN220481035-1A;BSF;Week.12;Field;30;12;12;36;2
BSF.F51.W12;bsf_f51_w12;FKDN220481036-1A;BSF;Week.12;Field;51;12;13;37;7
Chi.F21.W12;chi_f21_w12;FKDN220481048-1A;CHI;Week.12;Field;21;12;9;25;12
Chi.F22.W12;chi_f22_w12;FKDN220481049-1A;CHI;Week.12;Field;22;12;13;39;3
Chi.F23.W12;chi_f23_w12;FKDN220481050-1A;CHI;Week.12;Field;23;12;8;22;7
Chi.F24.W12;chi_f24_w12;FKDN220481051-1A;CHI;Week.12;Field;24;12;4;12;11
Chi.F26.W12;chi_f26_w12;FKDN220481052-1A;CHI;Week.12;Field;26;12;6;18;15
Chi.F28.W12;chi_f28_w12;FKDN220481053-1A;CHI;Week.12;Field;28;12;5;14;1
Chi.F61.W12;chi_f61_w12;FKDN220481054-1A;CHI;Week.12;Field;61;12;12;35;11
Co.F20.W12;co_f20_w12;FKDN220481065-1A;CO;Week.12;Field;20;12;10;28;14
Co.F21.W12;co_f21_w12;FKDN220481066-1A;CO;Week.12;Field;21;12;6;17;10
Co.F22.W12;co_f22_w12;FKDN220481067-1A;CO;Week.12;Field;22;12;11;31;8
Co.F23.W12;co_f23_w12;FKDN220481068-1A;CO;Week.12;Field;23;12;13;37;8
Co.F25.W12;co_f25_w12;FKDN220481073-1A;CO;Week.12;Field;25;12;4;11;16
Co.F27.W12;co_f27_w12;FKDN220481069-1A;CO;Week.12;Field;27;12;9;27;2
Co.F29.W12;co_f29_w12;FKDN220481070-1A;CO;Week.12;Field;29;12;10;28;8
Co.F30.W12;co_f30_w12;FKDN220481071-1A;CO;Week.12;Field;30;12;2;5;4
Co.F64.W12;co_f64_w12;FKDN220485853-1A;CO;Week.12;Field;64;12;12;35;15
HC.F22.W12;hc_f22_w12;FKDN220481082-1A;HC;Week.12;Field;22;12;7;21;3
HC.F23.W12;hc_f23_w12;FKDN220481090-1A;HC;Week.12;Field;23;12;11;32;12
HC.F24.W12;hc_f24_w12;FKDN220481089-1A;HC;Week.12;Field;24;12;3;8;1
HC.F25.W12;hc_f25_w12;FKDN220481083-1A;HC;Week.12;Field;25;12;6;18;1
HC.F27.W12;hc_f27_w12;FKDN220481084-1A;HC;Week.12;Field;27;12;9;25;14
HC.F28.W12;hc_f28_w12;FKDN220481085-1A;HC;Week.12;Field;28;12;8;23;5
HC.F29.W12;hc_f29_w12;FKDN220481086-1A;HC;Week.12;Field;29;12;2;5;9
HC.F30.W12;hc_f30_w12;FKDN220481088-1A;HC;Week.12;Field;30;12;1;3;16
HC.F57.W12;hc_f57_w12;FKDN220481087-1A;HC;Week.12;Field;57;12;13;38;3
Man.F21.W12;man_f21_w12;FKDN220481101-1A;MAN;Week.12;Field;21;12;11;31;10
Man.F22.W12;man_f22_w12;FKDN220481102-1A;MAN;Week.12;Field;22;12;3;7;14
Man.F23.W12;man_f23_w12;FKDN230053478-1A;MAN;Week.12;Field;23;12;4;12;17
Man.F24.W12;man_f24_w12;FKDN220481104-1A;MAN;Week.12;Field;24;12;10;29;10
Man.F25.W12;man_f25_w12;FKDN220481105-1A;MAN;Week.12;Field;25;12;6;16;14
Man.F27.W12;man_f27_w12;FKDN220481106-1A;MAN;Week.12;Field;27;12;7;19;4
Man.F29.W12;man_f29_w12;FKDN220481107-1A;MAN;Week.12;Field;29;12;2;4;2
Man.F30.W12;man_f30_w12;FKDN230053479-1A;MAN;Week.12;Field;30;12;5;13;14
Man.F64.W12;man_f64_w12;FKDN220481109-1A;MAN;Week.12;Field;64;12;13;39;12
MW.F21.W12;mw_f21_w12;FKDN220481120-1A;MW;Week.12;Field;21;12;10;30;14
MW.F22.W12;mw_f22_w12;FKDN220481121-1A;MW;Week.12;Field;22;12;8;23;4
MW.F23.W12;mw_f23_w12;FKDN220481122-1A;MW;Week.12;Field;23;12;7;19;6
MW.F24.W12;mw_f24_w12;FKDN220481123-1A;MW;Week.12;Field;24;12;12;36;10
MW.F26.W12;mw_f26_w12;FKDN220481124-1A;MW;Week.12;Field;26;12;6;18;9
MW.F27.W12;mw_f27_w12;FKDN220481125-1A;MW;Week.12;Field;27;12;2;5;17
MW.F28.W12;mw_f28_w12;FKDN220481126-1A;MW;Week.12;Field;28;12;1;2;15
MW.F29.W12;mw_f29_w12;FKDN220481127-1A;MW;Week.12;Field;29;12;4;11;12
MW.F30.W12;mw_f30_w12;FKDN220481128-1A;MW;Week.12;Field;30;12;11;32;10
MW.F63.W12;mw_f63_w12;FKDN220481129-1A;MW;Week.12;Field;63;12;13;37;5
BSF.F31.W16;bsf_f31_w16;FKDN220481139-1A;BSF;Week.16;Field;31;16;12;34;5
BSF.F32.W16;bsf_f32_w16;FKDN220481140-1A;BSF;Week.16;Field;32;16;3;7;11
BSF.F33.W16;bsf_f33_w16;FKDN220481141-1A;BSF;Week.16;Field;33;16;7;19;15
BSF.F34.W16;bsf_f34_w16;FKDN220481142-1A;BSF;Week.16;Field;34;16;2;6;8
BSF.F35.W16;bsf_f35_w16;FKDN220481143-1A;BSF;Week.16;Field;35;16;6;18;10
BSF.F36.W16;bsf_f36_w16;FKDN220481144-1A;BSF;Week.16;Field;36;16;11;31;16
BSF.F37.W16;bsf_f37_w16;FKDN220481145-1A;BSF;Week.16;Field;37;16;10;29;11
BSF.F38.W16;bsf_f38_w16;FKDN220481146-1A;BSF;Week.16;Field;38;16;4;10;15
BSF.F39.W16;bsf_f39_w16;FKDN220481147-1A;BSF;Week.16;Field;39;16;2;5;8
BSF.F40.W16;bsf_f40_w16;FKDN220481148-1A;BSF;Week.16;Field;40;16;6;17;15
Chi.F31.W16;chi_f31_w16;FKDN220481491-1A;CHI;Week.16;Field;31;16;5;14;11
Chi.F39.W16;chi_f39_w16;FKDN220481160-1A;CHI;Week.16;Field;39;16;12;36;1
Chi.F42.W16;chi_f42_w16;FKDN220481161-1A;CHI;Week.16;Field;42;16;8;23;16
Chi.F43.W16;chi_f43_w16;FKDN220481162-1A;CHI;Week.16;Field;43;16;11;31;12
Chi.F44.W16;chi_f44_w16;FKDN220481163-1A;CHI;Week.16;Field;44;16;9;25;17
Chi.F45.W16;chi_f45_w16;FKDN220481164-1A;CHI;Week.16;Field;45;16;8;22;14
Chi.F47.W16;chi_f47_w16;FKDN220481165-1A;CHI;Week.16;Field;47;16;10;30;11
Chi.F48.W16;chi_f48_w16;FKDN220481166-1A;CHI;Week.16;Field;48;16;4;11;11
Chi.F53.W16;chi_f53_w16;FKDN220481167-1A;CHI;Week.16;Field;53;16;12;36;15
Chi.F62.W16;chi_f62_w16;FKDN220481159-1A;CHI;Week.16;Field;62;16;13;38;14
Co.F35.W16;co_f35_w16;FKDN220481177-1A;CO;Week.16;Field;35;16;12;35;1
Co.F37.W16;co_f37_w16;FKDN220481180-1A;CO;Week.16;Field;37;16;2;4;4
Co.F39.W16;co_f39_w16;FKDN220481181-1A;CO;Week.16;Field;39;16;1;3;6
Co.F41.W16;co_f41_w16;FKDN220481182-1A;CO;Week.16;Field;41;16;3;8;16
Co.F44.W16;co_f44_w16;FKDN220481183-1A;CO;Week.16;Field;44;16;9;26;13
Co.F45.W16;co_f45_w16;FKDN220481184-1A;CO;Week.16;Field;45;16;6;17;14
Co.F46.W16;co_f46_w16;FKDN220481185-1A;CO;Week.16;Field;46;16;2;4;8
Co.F47.W16;co_f47_w16;FKDN220481186-1A;CO;Week.16;Field;47;16;7;20;3
Co.F49.W16;co_f49_w16;FKDN220481178-1A;CO;Week.16;Field;49;16;9;27;16
Co.F68.W16;co_f68_w16;FKDN220481179-1A;CO;Week.16;Field;68;16;13;37;4
HC.F32.W16;hc_f32_w16;FKDN220481200-1A;HC;Week.16;Field;32;16;9;27;17
HC.F34.W16;hc_f34_w16;FKDN220481201-1A;HC;Week.16;Field;34;16;8;24;7
HC.F37.W16;hc_f37_w16;FKDN220481202-1A;HC;Week.16;Field;37;16;4;11;2
HC.F38.W16;hc_f38_w16;FKDN230053485-1A;HC;Week.16;Field;38;16;5;15;3
HC.F40.W16;hc_f40_w16;FKDN220481197-1A;HC;Week.16;Field;40;16;10;28;17
HC.F41.W16;hc_f41_w16;FKDN230053484-1A;HC;Week.16;Field;41;16;1;2;16
HC.F42.W16;hc_f42_w16;FKDN230053483-1A;HC;Week.16;Field;42;16;6;17;9
HC.F43.W16;hc_f43_w16;FKDN220481199-1A;HC;Week.16;Field;43;16;9;25;3
HC.F47.W16;hc_f47_w16;FKDN220481205-1A;HC;Week.16;Field;47;16;4;10;3
HC.F49.W16;hc_f49_w16;FKDN220481206-1A;HC;Week.16;Field;49;16;3;8;4
Man.F31.W16;man_f31_w16;FKDN220481217-1A;MAN;Week.16;Field;31;16;10;28;16
Man.F35.W16;man_f35_w16;FKDN220481224-1A;MAN;Week.16;Field;35;16;7;21;10
Man.F36.W16;man_f36_w16;FKDN230053486-1A;MAN;Week.16;Field;36;16;5;13;5
Man.F37.W16;man_f37_w16;FKDN220481225-1A;MAN;Week.16;Field;37;16;11;31;13
Man.F43.W16;man_f43_w16;FKDN220481219-1A;MAN;Week.16;Field;43;16;4;10;5
Man.F44.W16;man_f44_w16;FKDN220485856-1A;MAN;Week.16;Field;44;16;10;29;3
Man.F45.W16;man_f45_w16;FKDN220481489-1A;MAN;Week.16;Field;45;16;12;34;13
Man.F49.W16;man_f49_w16;FKDN220481221-1A;MAN;Week.16;Field;49;16;6;18;7
Man.F63.W16;man_f63_w16;FKDN220481222-1A;MAN;Week.16;Field;63;16;12;36;3
Man.F67.W16;man_f67_w16;FKDN220481223-1A;MAN;Week.16;Field;67;16;12;34;3
MW.F33.W16;mw_f33_w16;FKDN220481236-1A;MW;Week.16;Field;33;16;13;37;11
MW.F34.W16;mw_f34_w16;FKDN220481237-1A;MW;Week.16;Field;34;16;3;9;9
MW.F35.W16;mw_f35_w16;FKDN220481238-1A;MW;Week.16;Field;35;16;12;34;10
MW.F38.W16;mw_f38_w16;FKDN220481239-1A;MW;Week.16;Field;38;16;1;2;4
MW.F39.W16;mw_f39_w16;FKDN220481240-1A;MW;Week.16;Field;39;16;8;23;3
MW.F40.W16;mw_f40_w16;FKDN220481241-1A;MW;Week.16;Field;40;16;9;27;8
MW.F43.W16;mw_f43_w16;FKDN220481242-1A;MW;Week.16;Field;43;16;4;12;9
MW.F45.W16;mw_f45_w16;FKDN220481243-1A;MW;Week.16;Field;45;16;9;26;10
MW.F46.W16;mw_f46_w16;FKDN220481244-1A;MW;Week.16;Field;46;16;10;29;15
MW.F48.W16;mw_f48_w16;FKDN220481245-1A;MW;Week.16;Field;48;16;8;24;13
BSF.P01.W4;bsf_p1_w4;FKDN220481266-1A;BSF;Week.4;Pot;1;4;6;16;5
BSF.P02.W4;bsf_p2_w4;FKDN220481275-1A;BSF;Week.4;Pot;2;4;5;13;17
BSF.P03.W4;bsf_p3_w4;FKDN220481268-1A;BSF;Week.4;Pot;3;4;8;22;17
BSF.P04.W4;bsf_p4_w4;FKDN220481269-1A;BSF;Week.4;Pot;4;4;7;19;12
BSF.P05.W4;bsf_P05_w4;FKDN230053488-1A;BSF;Week.4;Pot;5;4;2;6;9
BSF.P06.W4;bsf_p6_w4;FKDN220481271-1A;BSF;Week.4;Pot;6;4;9;26;1
BSF.P07.W4;bsf_p7_w4;FKDN220481272-1A;BSF;Week.4;Pot;7;4;1;1;14
BSF.P08.W4;bsf_p8_w4;FKDN220481273-1A;BSF;Week.4;Pot;8;4;13;39;10
BSF.P09.W4;bsf_p9_w4;FKDN220481274-1A;BSF;Week.4;Pot;9;4;10;28;1
BSF.P10.W4;bsf_p10_w4;FKDN220481267-1A;BSF;Week.4;Pot;10;4;11;33;10
Chi.P01.W4;Chi_P01_w4;FKDN220481291-1A;CHI;Week.4;Pot;1;4;11;32;3
Chi.P02.W4;chi_p02_w4;FKDN220481286-1A;CHI;Week.4;Pot;2;4;5;15;8
Chi.P03.W4;Chi_P03_w4;FKDN230053489-1A;CHI;Week.4;Pot;3;4;10;30;12
Chi.P04.W4;chi_p04_w4;FKDN220481287-1A;CHI;Week.4;Pot;4;4;4;10;11
Chi.P05.W4;chi_p05_w4;FKDN220481288-1A;CHI;Week.4;Pot;5;4;8;23;2
Chi.P06.W4;chi_p06_w4;FKDN220481289-1A;CHI;Week.4;Pot;6;4;3;9;5
Chi.P07.W4;chi_p7_w4;FKDN220481293-1A;CHI;Week.4;Pot;7;4;12;36;12
Chi.P09.W4;chi_p09_w4;FKDN220481290-1A;CHI;Week.4;Pot;9;4;2;6;6
Chi.P60.W4;Chi_P60_w4;FKDN220481292-1A;CHI;Week.4;Pot;60;4;13;39;14
Co.P01.W4;co_p01_w4;FKDN220481307-1A;CO;Week.4;Pot;1;4;1;2;3
Co.P02.W4;co_p02_w4;FKDN220481308-1A;CO;Week.4;Pot;2;4;6;17;5
Co.P03.W4;co_p03_w4;FKDN220481309-1A;CO;Week.4;Pot;3;4;2;4;14
Co.P05.W4;co_p05_w4;FKDN220481310-1A;CO;Week.4;Pot;5;4;4;11;13
Co.P06.W4;co_p6_w4;FKDN220481304-1A;CO;Week.4;Pot;6;4;12;36;8
Co.P07.W4;co_p07_w4;FKDN230053491-1A;CO;Week.4;Pot;7;4;5;15;13
Co.P08.W4;CO_P08_w4;FKDN220481312-1A;CO;Week.4;Pot;8;4;7;21;12
Co.P09.W4;co_p9_w4;FKDN220481306-1A;CO;Week.4;Pot;9;4;9;27;10
Co.P10.W4;CO_P10_w4;FKDN230053493-1A;CO;Week.4;Pot;10;4;11;33;7
Co.P68.W4;co_p68_w4;FKDN220481305-1A;CO;Week.4;Pot;68;4;13;38;9
HC.P01.W4;HC_P01_w4;FKDN220481329-1A;HC;Week.4;Pot;1;4;10;30;9
HC.P02.W4;HC_P02_w4;FKDN220481330-1A;HC;Week.4;Pot;2;4;5;15;14
HC.P03.W4;hc_p03_w4;FKDN220481327-1A;HC;Week.4;Pot;3;4;2;5;12
HC.P04.W4;hc_p4_w4;FKDN220481324-1A;HC;Week.4;Pot;4;4;8;23;12
HC.P06.W4;hc_p06_w4;FKDN220481328-1A;HC;Week.4;Pot;6;4;6;18;13
HC.P07.W4;hc_p7_w4;FKDN220481326-1A;HC;Week.4;Pot;7;4;12;35;3
HC.P08.W4;HC_P08_w4;FKDN220481331-1A;HC;Week.4;Pot;8;4;11;33;14
HC.P09.W4;HC_P09_w4;FKDN220481332-1A;HC;Week.4;Pot;9;4;9;27;13
HC.P10.W4;HC_P10_w4;FKDN220481333-1A;HC;Week.4;Pot;10;4;7;20;14
HC.P59.W4;hc_p59_w4;FKDN230053494-1A;HC;Week.4;Pot;59;4;13;39;1
Man.P01.W4;man_p01_w4;FKDN220481344-1A;MAN;Week.4;Pot;1;4;3;9;12
Man.P02.W4;man_p2_w4;FKDN220481351-1A;MAN;Week.4;Pot;2;4;12;36;14
Man.P03.W4;man_p3_w4;FKDN220481352-1A;MAN;Week.4;Pot;3;4;9;27;1
Man.P04.W4;Man_P04_w4;FKDN220481350-1A;MAN;Week.4;Pot;4;4;7;19;3
Man.P05.W4;man_p05_w4;FKDN220481345-1A;MAN;Week.4;Pot;5;4;1;1;6
Man.P06.W4;man_p06_w4;FKDN220481346-1A;MAN;Week.4;Pot;6;4;2;4;13
Man.P07.W4;man_p07_w4;FKDN220481347-1A;MAN;Week.4;Pot;7;4;4;12;10
Man.P09.W4;man_p09_w4;FKDN220481348-1A;MAN;Week.4;Pot;9;4;10;30;13
Man.P10.W4;man_p10_w4;FKDN220481349-1A;MAN;Week.4;Pot;10;4;5;13;1
Man.P62.W4;Man_P62_w4;FKDN220481353-1A;MAN;Week.4;Pot;62;4;11;32;2
MW.P01.W4;mw_p1_w4;FKDN220481363-1A;MW;Week.4;Pot;1;4;7;20;4
MW.P02.W4;mw_p2_w4;FKDN220481365-1A;MW;Week.4;Pot;2;4;1;3;17
MW.P03.W4;mw_p3_w4;FKDN220481366-1A;MW;Week.4;Pot;3;4;11;33;15
MW.P04.W4;mw_p4_w4;FKDN220481367-1A;MW;Week.4;Pot;4;4;6;17;7
MW.P05.W4;mw_p5_w4;FKDN220481368-1A;MW;Week.4;Pot;5;4;10;28;10
MW.P07.W4;mw_p7_w4;FKDN220481370-1A;MW;Week.4;Pot;7;4;3;7;3
MW.P08.W4;mw_p8_w4;FKDN220481371-1A;MW;Week.4;Pot;8;4;8;23;6
MW.P09.W4;mw_p9_w4;FKDN220481372-1A;MW;Week.4;Pot;9;4;4;12;1
MW.P10.W4;mw_p10_w4;FKDN220481364-1A;MW;Week.4;Pot;10;4;5;15;7
MW.P53.W4;mw_p53_w4;FKDN220481369-1A;MW;Week.4;Pot;53;4;13;37;14
BSF.P11.W8;bsf_p11_w8;FKDN220481383-1A;BSF;Week.8;Pot;11;8;9;26;8
BSF.P12.W8;bsf_p12_w8;FKDN220481390-1A;BSF;Week.8;Pot;12;8;12;35;9
BSF.P13.W8;bsf_p13_w8;FKDN220481384-1A;BSF;Week.8;Pot;13;8;4;12;15
BSF.P14.W8;bsf_p14_w8;FKDN220481385-1A;BSF;Week.8;Pot;14;8;2;4;6
BSF.P15.W8;bsf_p15_w8;FKDN220481391-1A;BSF;Week.8;Pot;15;8;11;33;6
BSF.P16.W8;bsf_p16_w8;FKDN220481386-1A;BSF;Week.8;Pot;16;8;10;28;11
BSF.P17.W8;bsf_p17_w8;FKDN220481387-1A;BSF;Week.8;Pot;17;8;5;14;7
BSF.P19.W8;bsf_p19_w8;FKDN230053495-1A;BSF;Week.8;Pot;19;8;3;7;6
BSF.P20.W8;bsf_p20_w8;FKDN220481389-1A;BSF;Week.8;Pot;20;8;8;24;16
Chi.P11.W8;chi_p11_w8;FKDN220481400-1A;CHI;Week.8;Pot;11;8;1;1;2
Chi.P12.W8;chi_p12_w8;FKDN220481401-1A;CHI;Week.8;Pot;12;8;7;21;13
Chi.P13.W8;chi_p13_w8;FKDN220481402-1A;CHI;Week.8;Pot;13;8;11;31;3
Chi.P14.W8;chi_p14_w8;FKDN220481403-1A;CHI;Week.8;Pot;14;8;12;34;2
Chi.P15.W8;chi_p15_w8;FKDN220481404-1A;CHI;Week.8;Pot;15;8;10;30;5
Chi.P16.W8;chi_p16_w8;FKDN220481405-1A;CHI;Week.8;Pot;16;8;6;16;2
Chi.P17.W8;chi_p17_w8;FKDN220481406-1A;CHI;Week.8;Pot;17;8;2;4;10
Chi.P18.W8;chi_p18_w8;FKDN230053498-1A;CHI;Week.8;Pot;18;8;4;10;2
Chi.P19.W8;chi_p19_w8;FKDN220481408-1A;CHI;Week.8;Pot;19;8;9;26;16
Chi.P64.W8;chi_p64_w8;FKDN220481409-1A;CHI;Week.8;Pot;64;8;13;39;2
Co.P11.W8;co_p11_w8;FKDN220481419-1A;CO;Week.8;Pot;11;8;2;5;1
Co.P12.W8;co_p12_w8;FKDN220481420-1A;CO;Week.8;Pot;12;8;3;7;4
Co.P13.W8;co_p13_w8;FKDN220481421-1A;CO;Week.8;Pot;13;8;5;14;13
Co.P16.W8;co_p16_w8;FKDN220481423-1A;CO;Week.8;Pot;16;8;11;32;4
Co.P17.W8;co_p17_w8;FKDN220481424-1A;CO;Week.8;Pot;17;8;8;22;13
Co.P18.W8;co_p18_w8;FKDN220481425-1A;CO;Week.8;Pot;18;8;4;12;6
Co.P19.W8;co_p19_w8;FKDN220481426-1A;CO;Week.8;Pot;19;8;6;17;11
Co.P20.W8;co_p20_w8;FKDN220481427-1A;CO;Week.8;Pot;20;8;7;21;6
Co.P59.W8;co_p59_w8;FKDN220481428-1A;CO;Week.8;Pot;59;8;13;37;15
HC.P11.W8;hc_p11_w8;FKDN220481439-1A;HC;Week.8;Pot;11;8;8;22;15
HC.P12.W8;hc_p12_w8;FKDN220481440-1A;HC;Week.8;Pot;12;8;4;11;1
HC.P13.W8;hc_p13_w8;FKDN220481441-1A;HC;Week.8;Pot;13;8;1;3;8
HC.P14.W8;hc_p14_w8;FKDN220481442-1A;HC;Week.8;Pot;14;8;7;21;1
HC.P15.W8;hc_p15_w8;FKDN220481443-1A;HC;Week.8;Pot;15;8;11;33;8
HC.P16.W8;hc_p16_w8;FKDN220481444-1A;HC;Week.8;Pot;16;8;9;26;17
HC.P18.W8;hc_p18_w8;FKDN220485852-1A;HC;Week.8;Pot;18;8;10;30;1
HC.P19.W8;hc_p19_w8;FKDN220481446-1A;HC;Week.8;Pot;19;8;12;35;16
HC.P20.W8;hc_p20_w8;FKDN220481447-1A;HC;Week.8;Pot;20;8;5;14;4
HC.P51.W8;hc_p51_w8;FKDN220481448-1A;HC;Week.8;Pot;51;8;13;37;17
Man.P11.W8;man_p11_w8;FKDN220481459-1A;MAN;Week.8;Pot;11;8;4;12;14
Man.P13.W8;man_p13_w8;FKDN220481460-1A;MAN;Week.8;Pot;13;8;9;25;1
Man.P14.W8;man_p14_w8;FKDN220481461-1A;MAN;Week.8;Pot;14;8;1;3;2
Man.P15.W8;man_p15_w8;FKDN220481462-1A;MAN;Week.8;Pot;15;8;6;18;8
Man.P16.W8;man_p16_w8;FKDN220481463-1A;MAN;Week.8;Pot;16;8;12;34;15
Man.P17.W8;man_p17_w8;FKDN220481464-1A;MAN;Week.8;Pot;17;8;3;8;5
Man.P18.W8;man_p18_w8;FKDN220481465-1A;MAN;Week.8;Pot;18;8;11;32;11
Man.P19.W8;man_p19_w8;FKDN220481466-1A;MAN;Week.8;Pot;19;8;7;21;8
Man.P20.W8;man_p20_w8;FKDN220481467-1A;MAN;Week.8;Pot;20;8;8;23;11
Man.P53.W8;man_p53_w8;FKDN220481468-1A;MAN;Week.8;Pot;53;8;13;39;8
MW.P11.W8;mw_p11_w8;FKDN220481479-1A;MW;Week.8;Pot;11;8;4;11;4
MW.P13.W8;mw_p13_w8;FKDN220481480-1A;MW;Week.8;Pot;13;8;2;4;5
MW.P14.W8;mw_p14_w8;FKDN220481481-1A;MW;Week.8;Pot;14;8;1;1;9
MW.P15.W8;mw_p15_w8;FKDN220481482-1A;MW;Week.8;Pot;15;8;11;32;5
MW.P16.W8;mw_p16_w8;FKDN220481483-1A;MW;Week.8;Pot;16;8;9;26;9
MW.P17.W8;mw_p17_w8;FKDN220481484-1A;MW;Week.8;Pot;17;8;8;22;4
MW.P18.W8;mw_p18_w8;FKDN220481485-1A;MW;Week.8;Pot;18;8;3;7;12
MW.P19.W8;mw_p19_w8;FKDN220481486-1A;MW;Week.8;Pot;19;8;7;20;7
MW.P20.W8;mw_p20_w8;FKDN220481487-1A;MW;Week.8;Pot;20;8;5;15;1
MW.P65.W8;mw_p65_w8;FKDN220481488-1A;MW;Week.8;Pot;65;8;12;35;8
BSF.P21.W12;bsf_p21_w12;FKDN220481046-1A;BSF;Week.12;Pot;21;12;4;11;15
BSF.P22.W12;bsf_p22_w12;FKDN220481038-1A;BSF;Week.12;Pot;22;12;6;16;16
BSF.P23.W12;bsf_p23_w12;FKDN220481039-1A;BSF;Week.12;Pot;23;12;5;15;9
BSF.P25.W12;bsf_p25_w12;FKDN220481040-1A;BSF;Week.12;Pot;25;12;2;5;3
BSF.P26.W12;bsf_p26_w12;FKDN220481041-1A;BSF;Week.12;Pot;26;12;9;25;5
BSF.P27.W12;bsf_p27_w12;FKDN220481042-1A;BSF;Week.12;Pot;27;12;8;24;15
BSF.P28.W12;bsf_p28_w12;FKDN220481043-1A;BSF;Week.12;Pot;28;12;3;9;17
BSF.P29.W12;bsf_p29_w12;FKDN220481044-1A;BSF;Week.12;Pot;29;12;4;12;4
BSF.P36.W12;bsf_p36_w12;FKDN220481045-1A;BSF;Week.12;Pot;36;12;4;11;8
BSF.P68.W12;bsf_p68_w12;FKDN220481047-1A;BSF;Week.12;Pot;68;12;12;34;7
Chi.P21.W12;chi_p21_w12;FKDN220481056-1A;CHI;Week.12;Pot;21;12;7;20;8
Chi.P22.W12;chi_p22_w12;FKDN220481057-1A;CHI;Week.12;Pot;22;12;6;18;2
Chi.P23.W12;chi_p23_w12;FKDN220481058-1A;CHI;Week.12;Pot;23;12;10;29;7
Chi.P25.W12;chi_p25_w12;FKDN220481059-1A;CHI;Week.12;Pot;25;12;8;24;8
Chi.P26.W12;chi_p26_w12;FKDN220481060-1A;CHI;Week.12;Pot;26;12;9;25;10
Chi.P27.W12;chi_p27_w12;FKDN220481061-1A;CHI;Week.12;Pot;27;12;11;31;17
Chi.P28.W12;chi_p28_w12;FKDN220481062-1A;CHI;Week.12;Pot;28;12;1;3;5
Chi.P29.W12;chi_p29_w12;FKDN220481063-1A;CHI;Week.12;Pot;29;12;12;36;17
Chi.P30.W12;chi_p30_w12;FKDN220481064-1A;CHI;Week.12;Pot;30;12;3;7;1
Chi.P70.W12;chi_p70_w12;FKDN220481055-1A;CHI;Week.12;Pot;70;12;13;38;12
Co.P21.W12;co_p21_w12;FKDN220481074-1A;CO;Week.12;Pot;21;12;11;32;7
Co.P22.W12;co_p22_w12;FKDN220481075-1A;CO;Week.12;Pot;22;12;10;28;3
Co.P23.W12;co_p23_w12;FKDN220481076-1A;CO;Week.12;Pot;23;12;6;16;15
Co.P25.W12;co_p25_w12;FKDN220481492-1A;CO;Week.12;Pot;25;12;1;3;11
Co.P26.W12;co_p26_w12;FKDN220481077-1A;CO;Week.12;Pot;26;12;4;10;16
Co.P28.W12;co_p28_w12;FKDN230053477-1A;CO;Week.12;Pot;28;12;5;13;6
Co.P29.W12;co_p29_w12;FKDN220485854-1A;CO;Week.12;Pot;29;12;8;22;10
Co.P30.W12;co_p30_w12;FKDN220481080-1A;CO;Week.12;Pot;30;12;9;27;3
Co.P69.W12;co_p69_w12;FKDN220481081-1A;CO;Week.12;Pot;69;12;13;38;4
HC.P22.W12;hc_p22_w12;FKDN220481091-1A;HC;Week.12;Pot;22;12;2;5;6
HC.P23.W12;hc_p23_w12;FKDN220481092-1A;HC;Week.12;Pot;23;12;10;29;8
HC.P24.W12;hc_p24_w12;FKDN220481100-1A;HC;Week.12;Pot;24;12;3;9;7
HC.P25.W12;hc_p25_w12;FKDN220481093-1A;HC;Week.12;Pot;25;12;1;1;7
HC.P26.W12;hc_p26_w12;FKDN220481094-1A;HC;Week.12;Pot;26;12;11;31;9
HC.P27.W12;hc_p27_w12;FKDN220481095-1A;HC;Week.12;Pot;27;12;5;14;16
HC.P28.W12;hc_p28_w12;FKDN220481096-1A;HC;Week.12;Pot;28;12;6;16;4
HC.P29.W12;hc_p29_w12;FKDN220481097-1A;HC;Week.12;Pot;29;12;1;2;8
HC.P30.W12;hc_p30_w12;FKDN220481098-1A;HC;Week.12;Pot;30;12;7;21;9
HC.P64.W12;hc_p64_w12;FKDN220481099-1A;HC;Week.12;Pot;64;12;13;38;2
Man.P21.W12;man_p21_w12;FKDN220481110-1A;MAN;Week.12;Pot;21;12;8;24;4
Man.P22.W12;man_p22_w12;FKDN220481111-1A;MAN;Week.12;Pot;22;12;7;20;12
Man.P24.W12;man_p24_w12;FKDN220481112-1A;MAN;Week.12;Pot;24;12;10;29;6
Man.P25.W12;man_p25_w12;FKDN220481113-1A;MAN;Week.12;Pot;25;12;4;10;9
Man.P26.W12;man_p26_w12;FKDN220481114-1A;MAN;Week.12;Pot;26;12;11;32;9
Man.P27.W12;man_p27_w12;FKDN220481119-1A;MAN;Week.12;Pot;27;12;12;35;17
Man.P28.W12;man_p28_w12;FKDN220481115-1A;MAN;Week.12;Pot;28;12;2;4;1
Man.P29.W12;man_p29_w12;FKDN220481116-1A;MAN;Week.12;Pot;29;12;5;15;5
Man.P30.W12;man_p30_w12;FKDN220481117-1A;MAN;Week.12;Pot;30;12;6;17;8
Man.P63.W12;man_p63_w12;FKDN220481118-1A;MAN;Week.12;Pot;63;12;13;38;8
MW.P21.W12;mw_p21_w12;FKDN220481130-1A;MW;Week.12;Pot;21;12;6;17;1
MW.P22.W12;mw_p22_w12;FKDN220481131-1A;MW;Week.12;Pot;22;12;12;35;2
MW.P23.W12;mw_p23_w12;FKDN220481132-1A;MW;Week.12;Pot;23;12;5;14;3
MW.P24.W12;mw_p24_w12;FKDN220481133-1A;MW;Week.12;Pot;24;12;11;31;4
MW.P25.W12;mw_p25_w12;FKDN220481134-1A;MW;Week.12;Pot;25;12;7;20;10
MW.P27.W12;mw_p27_w12;FKDN220481135-1A;MW;Week.12;Pot;27;12;9;25;9
MW.P29.W12;mw_p29_w12;FKDN220481136-1A;MW;Week.12;Pot;29;12;10;28;5
MW.P30.W12;mw_p30_w12;FKDN220481138-1A;MW;Week.12;Pot;30;12;3;9;8
MW.P58.W12;mw_p58_w12;FKDN220481137-1A;MW;Week.12;Pot;58;12;13;39;6
BSF.P31.W16;bsf_p31_w16;FKDN220481149-1A;BSF;Week.16;Pot;31;16;2;5;2
BSF.P32.W16;bsf_p32_w16;FKDN220481150-1A;BSF;Week.16;Pot;32;16;3;7;5
BSF.P33.W16;bsf_p33_w16;FKDN220481151-1A;BSF;Week.16;Pot;33;16;11;32;13
BSF.P34.W16;bsf_p34_w16;FKDN220481152-1A;BSF;Week.16;Pot;34;16;8;23;1
BSF.P37.W16;bsf_p37_w16;FKDN220481153-1A;BSF;Week.16;Pot;37;16;6;17;16
BSF.P38.W16;bsf_p38_w16;FKDN220481154-1A;BSF;Week.16;Pot;38;16;5;15;2
BSF.P40.W16;bsf_p40_w16;FKDN220481155-1A;BSF;Week.16;Pot;40;16;4;10;17
BSF.P41.W16;bsf_p41_w16;FKDN220481156-1A;BSF;Week.16;Pot;41;16;9;25;7
BSF.P52.W16;bsf_p52_w16;FKDN220481157-1A;BSF;Week.16;Pot;52;16;12;36;11
BSF.P70.W16;bsf_p70_w16;FKDN220481158-1A;BSF;Week.16;Pot;70;16;13;38;11
Chi.P31.W16;chi_p31_w16;FKDN220481174-1A;CHI;Week.16;Pot;31;16;3;8;14
Chi.P32.W16;chi_p32_w16;FKDN220485850-1A;CHI;Week.16;Pot;32;16;9;26;5
Chi.P33.W16;chi_p33_w16;FKDN220481490-1A;CHI;Week.16;Pot;33;16;4;11;7
Chi.P35.W16;chi_p35_w16;FKDN220481169-1A;CHI;Week.16;Pot;35;16;8;24;5
Chi.P37.W16;chi_p37_w16;FKDN220481175-1A;CHI;Week.16;Pot;37;16;9;26;14
Chi.P38.W16;chi_p38_w16;FKDN220481170-1A;CHI;Week.16;Pot;38;16;6;18;5
Chi.P45.W16;chi_p45_w16;FKDN220481171-1A;CHI;Week.16;Pot;45;16;5;15;11
Chi.P46.W16;chi_p46_w16;FKDN220481176-1A;CHI;Week.16;Pot;46;16;11;32;8
Chi.P47.W16;chi_p47_w16;FKDN220481172-1A;CHI;Week.16;Pot;47;16;2;6;15
Chi.P48.W16;chi_p48_w16;FKDN220481173-1A;CHI;Week.16;Pot;48;16;1;2;13
Co.P31.W16;co_p31_w16;FKDN220481187-1A;CO;Week.16;Pot;31;16;8;22;11
Co.P33.W16;co_p33_w16;FKDN220481188-1A;CO;Week.16;Pot;33;16;8;24;9
Co.P36.W16;co_p36_w16;FKDN220481191-1A;CO;Week.16;Pot;36;16;1;3;4
Co.P40.W16;co_p40_w16;FKDN220481192-1A;CO;Week.16;Pot;40;16;2;4;12
Co.P44.W16;co_p44_w16;FKDN220481189-1A;CO;Week.16;Pot;44;16;6;17;3
Co.P46.W16;co_p46_w16;FKDN220481193-1A;CO;Week.16;Pot;46;16;1;1;17
Co.P47.W16;co_p47_w16;FKDN220481194-1A;CO;Week.16;Pot;47;16;2;6;11
Co.P48.W16;co_p48_w16;FKDN220481195-1A;CO;Week.16;Pot;48;16;6;18;12
Co.P49.W16;co_p49_w16;FKDN220481196-1A;CO;Week.16;Pot;49;16;3;9;1
Co.P50.W16;co_p50_w16;FKDN220481190-1A;CO;Week.16;Pot;50;16;13;37;2
HC.P31.W16;hc_p31_w16;FKDN220481208-1A;HC;Week.16;Pot;31;16;4;10;10
HC.P32.W16;hc_p32_w16;FKDN220481209-1A;HC;Week.16;Pot;32;16;3;8;6
HC.P34.W16;hc_p34_w16;FKDN220481210-1A;HC;Week.16;Pot;34;16;7;20;5
HC.P36.W16;hc_p36_w16;FKDN220481211-1A;HC;Week.16;Pot;36;16;2;6;4
HC.P37.W16;hc_p37_w16;FKDN220481212-1A;HC;Week.16;Pot;37;16;1;1;16
HC.P40.W16;hc_p40_w16;FKDN220481213-1A;HC;Week.16;Pot;40;16;12;34;6
HC.P42.W16;hc_p42_w16;FKDN220481214-1A;HC;Week.16;Pot;42;16;7;19;16
HC.P46.W16;hc_p46_w16;FKDN220481215-1A;HC;Week.16;Pot;46;16;2;5;15
HC.P54.W16;hc_p54_w16;FKDN220481207-1A;HC;Week.16;Pot;54;16;13;37;1
HC.P61.W16;hc_p61_w16;FKDN220481216-1A;HC;Week.16;Pot;61;16;1;2;1
Man.P33.W16;man_p33_w16;FKDN220481226-1A;MAN;Week.16;Pot;33;16;4;10;1
Man.P37.W16;man_p37_w16;FKDN220481227-1A;MAN;Week.16;Pot;37;16;6;16;8
Man.P38.W16;man_p38_w16;FKDN220481228-1A;MAN;Week.16;Pot;38;16;8;24;10
Man.P40.W16;man_p40_w16;FKDN220481229-1A;MAN;Week.16;Pot;40;16;3;9;2
Man.P41.W16;man_p41_w16;FKDN220481230-1A;MAN;Week.16;Pot;41;16;5;13;13
Man.P42.W16;man_p42_w16;FKDN230053487-1A;MAN;Week.16;Pot;42;16;2;4;11
Man.P43.W16;man_p43_w16;FKDN220481232-1A;MAN;Week.16;Pot;43;16;3;9;15
Man.P44.W16;man_p44_w16;FKDN220481233-1A;MAN;Week.16;Pot;44;16;2;5;16
Man.P46.W16;man_p46_w16;FKDN220481234-1A;MAN;Week.16;Pot;46;16;8;24;2
Man.P65.W16;man_p65_w16;FKDN220481235-1A;MAN;Week.16;Pot;65;16;13;38;16
MW.P31.W16;mw_p31_w16;FKDN220481246-1A;MW;Week.16;Pot;31;16;8;22;12
MW.P37.W16;mw_p37_w16;FKDN220481247-1A;MW;Week.16;Pot;37;16;11;31;5
MW.P40.W16;mw_p40_w16;FKDN220481248-1A;MW;Week.16;Pot;40;16;10;28;15
MW.P42.W16;mw_p42_w16;FKDN220481249-1A;MW;Week.16;Pot;42;16;7;21;7
MW.P43.W16;mw_p43_w16;FKDN220481250-1A;MW;Week.16;Pot;43;16;3;9;11
MW.P44.W16;mw_p44_w16;FKDN220481251-1A;MW;Week.16;Pot;44;16;1;1;1
MW.P45.W16;mw_p45_w16;FKDN220481252-1A;MW;Week.16;Pot;45;16;9;25;11
MW.P46.W16;mw_p46_w16;FKDN220481253-1A;MW;Week.16;Pot;46;16;12;34;1
MW.P47.W16;mw_p47_w16;FKDN220481254-1A;MW;Week.16;Pot;47;16;4;11;6
MW.P68.W16;mw_p68_w16;FKDN220481255-1A;MW;Week.16;Pot;68;16;12;36;16
